1046240
1240385
1282359
1286877
1328859
1330457
1343836
1387069
1387070
1387071
1387072
1446609
1446610
1446611
1446612
1446613
1446614
1446615
1446616
1446617
1446618
1446619
1446620
1446621
1446622
1446623
1446624
1446625
1446626
1446627
1446628
1446629
1446630
1446631
1446632
1446633
1446634
1446635
1446636
1446637
1446638
1446639
1446640
1446641
1446642
1446643
1446644
1446645
1446646
1446647
1446648
1446649
1446650
1446651
1446652
1446653
1446654
1446655
1446656
1446657
1446658
1446659
1446660
1446661
1446662
1446663
1446664
1446665
1446666
1446667
1446668
1446669
1446670
1446671
1446672
1446673
1446674
1446675
1446676
1446677
1446678
1446679
1446680
1446681
1446682
1446683
1446684
1446685
1446686
1446687
1446688
1446689
1446690
1446691
1446692
1446693
1446694
1446695
1446696
1446697
155864
386585
410290
444447
444448
444449
444450
444451
444452
444453
444454
478004
478005
478006
478007
478008
502346
544404
570506
637388
702430
702431
702432
702433
702434
702435
702436
83334
886670
926026
926032
941435
991906
991907
996639
997824
997825
